0 0 0
7.5 0 31
15.0 0 62
22.5 0 93
30.0 0 122
37.5 0 151
45.0 0 179
52.5 0 205
60.0 0 229
67.5 0 252
75.0 0 273
82.5 0 291
90.0 0 307
97.5 0 321
105.0 0 332
112.5 0 341
120.0 0 347
127.5 0 351
135.0 0 352
142.5 0 350
150.0 0 346
157.5 0 340
165.0 0 331
172.5 0 320
180.0 0 307
187.5 0 293
195.0 0 276
202.5 0 259
210.0 0 240
217.5 0 220
225.0 0 200
232.5 0 178
240.0 0 157
247.5 0 135
255.0 0 114
262.5 0 93
270.0 0 72
277.5 0 52
285.0 0 34
292.5 0 16
300.0 0 0
307.5 0 -14
315.0 0 -28
322.5 0 -40
330.0 0 -50
337.5 0 -58
345.0 0 -65
352.5 0 -69
360.0 0 -72
367.5 0 -73
375.0 0 -73
382.5 0 -71
390.0 0 -67
397.5 0 -62
405.0 0 -55
412.5 0 -48
420.0 0 -39
427.5 0 -30
435.0 0 -20
442.5 0.0 -10
