0 0 0.0
1.5 0 0.004188713646498317
3.0 0 0.008376967953342784
4.5 0 0.012564303631251317
6.0 0 0.01675026149167985
7.5 0 0.020934382497177533
9.0 0 0.02511620781172535
10.5 0 0.029295278851052677
12.0 0 0.03347113733292619
13.5 0 0.037643325327405726
15.0 0 0.04181138530706138
16.5 0 0.04597486019714664
18.0 0 0.0501332934257217
19.5 0 0.054286228973721755
21.0 0 0.05843321142496465
22.5 0 0.06257378601609236
24.0 0 0.06670749868644091
25.5 0 0.07083389612783332
27.0 0 0.07495252583428984
28.5 0 0.07906293615165046
30.0 0 0.08316467632710373
31.5 0 0.08725729655861703
33.0 0 0.09134034804426228
34.5 0 0.09541338303143235
36.0 0 0.09947595486594192
37.5 0 0.10352761804100832
39.0 0 0.10756792824610628
40.5 0 0.11159644241569172
42.0 0 0.11561271877778866
43.5 0 0.11961631690243467
45.0 0 0.12360679774997896
46.5 0 0.127583723719228
48.0 0 0.1315466586954333
49.5 0 0.13549516809811654
51.0 0 0.13942881892872608
52.5 0 0.1433471798181201
54.0 0 0.14724982107387116
55.5 0 0.15113631472738687
57.0 0 0.15500623458084117
58.5 0 0.15885915625391223
60.0 0 0.16269465723032006
61.5 0 0.16651231690416046
63.0 0 0.17031171662602906
64.5 0 0.174092439748931
66.0 0 0.17785407167397096
67.5 0 0.1815961998958187
69.0 0 0.1853184140479447
70.5 0 0.18902030594762162
72.0 0 0.19270146964068613
73.5 0 0.19636150144605632
75.0 0 0.2
76.5 0 0.20361656630014854
78.0 0 0.20721080374925208
79.5 0 0.21078231819867105
81.0 0 0.21433071799159867
82.5 0 0.21785561400601083
84.0 0 0.22135661969733766
85.5 0 0.22483335114085223
87.0 0 0.22828542707377264
88.5 0 0.23171246893707154
90.0 0 0.23511410091698925
91.5 0 0.23848994998624634
93.0 0 0.24183964594494994
94.5 0 0.24516282146119062
96.0 0 0.24845911211132413
97.5 0 0.25172815641993496
99.0 0 0.2549695958994759
100.5 0 0.2581830750895802
102.0 0 0.26136824159604216
103.5 0 0.26452474612946075
105.0 0 0.26765224254354325
106.5 0 0.2707503878730643
108.0 0 0.27381884237147547
109.5 0 0.27685726954816275
111.0 0 0.2798653362053462
112.5 0 0.282842712474619
114.0 0 0.2857890718531213
115.5 0 0.2887040912393449
117.0 0 0.2915874509685646
118.5 0 0.29443883484789374
120.0 0 0.29725793019095764
121.5 0 0.3000444278521838
123.0 0 0.3027980222607025
124.5 0 0.30551841145385694
126.0 0 0.30820529711031575
127.5 0 0.31085838458278836
129.0 0 0.3134773829303359
130.5 0 0.31606200495027614
132.0 0 0.3186119672096785
133.5 0 0.32112699007644585
135.0 0 0.323606797749979
136.5 0 0.3260511182914217
138.0 0 0.3284596836534816
139.5 0 0.33083222970982473
141.0 0 0.33316849628403983
142.5 0 0.33546822717816965
144.0 0 0.33773117020080606
145.5 0 0.33995707719474555
147.0 0 0.34214570406420264
148.5 0 0.3442968108015775
150.0 0 0.3464101615137755
151.5 0 0.3484855244480758
153.0 0 0.35052267201754544
154.5 0 0.3525213808259969
156.0 0 0.3544814316924859
157.5 0 0.35640260967534715
159.0 0 0.3582847040957652
160.5 0 0.36012750856087744
162.0 0 0.36193082098640783
163.5 0 0.3636944436188274
165.0 0 0.3654181830570404
166.5 0 0.3671018502735925
168.0 0 0.36874526063540025
169.5 0 0.3703482339239979
171.0 0 0.37191059435530055
172.5 0 0.37343217059888073
174.0 0 0.3749127957967566
175.5 0 0.3763523075816902
177.0 0 0.3777505480949924
178.5 0 0.37910736400383427
180.0 0 0.3804226065180614
181.5 0 0.38169613140651076
183.0 0 0.3829277990128269
184.5 0 0.38411747427077725
186.0 0 0.3852650267190633
187.5 0 0.3863703305156273
189.0 0 0.38743326445145243
190.5 0 0.3884537119638545
192.0 0 0.3894315611492641
193.5 0 0.39036670477549895
195.0 0 0.39125904029352226
196.5 0 0.39210846984868875
198.0 0 0.39291490029147547
199.5 0 0.3936782431876968
201.0 0 0.394398414828202
202.5 0 0.39507533623805513
204.0 0 0.39570893318519534
205.5 0 0.3962991361885775
207.0 0 0.3968458805257912
208.5 0 0.3973491062401586
210.0 0 0.3978087581473093
211.5 0 0.398224785841232
213.0 0 0.39859714369980176
214.5 0 0.39892579088978325
216.0 0 0.39921069137130866
217.5 0 0.39945181390182954
219.0 0 0.3996491320395434
220.5 0 0.39980262414629264
222.0 0 0.39991227338993823
223.5 0 0.39997806774620487
225.0 0 0.4
226.5 0 0.39997806774620487
228.0 0 0.39991227338993823
229.5 0 0.39980262414629264
231.0 0 0.3996491320395434
232.5 0 0.39945181390182954
234.0 0 0.39921069137130866
235.5 0 0.39892579088978325
237.0 0 0.39859714369980176
238.5 0 0.398224785841232
240.0 0 0.39780875814730937
241.5 0 0.3973491062401586
243.0 0 0.3968458805257912
244.5 0 0.3962991361885775
246.0 0 0.39570893318519534
247.5 0 0.39507533623805513
249.0 0 0.394398414828202
250.5 0 0.39367824318769684
252.0 0 0.3929149002914755
253.5 0 0.39210846984868875
255.0 0 0.3912590402935223
256.5 0 0.390366704775499
258.0 0 0.38943156114926414
259.5 0 0.3884537119638545
261.0 0 0.3874332644514525
262.5 0 0.38637033051562736
264.0 0 0.3852650267190633
265.5 0 0.38411747427077725
267.0 0 0.3829277990128269
268.5 0 0.3816961314065108
270.0 0 0.3804226065180615
271.5 0 0.37910736400383427
273.0 0 0.3777505480949925
274.5 0 0.3763523075816902
276.0 0 0.3749127957967566
277.5 0 0.3734321705988808
279.0 0 0.3719105943553006
280.5 0 0.3703482339239979
282.0 0 0.36874526063540025
283.5 0 0.3671018502735925
285.0 0 0.3654181830570404
286.5 0 0.36369444361882747
288.0 0 0.36193082098640783
289.5 0 0.36012750856087744
291.0 0 0.35828470409576524
292.5 0 0.3564026096753472
294.0 0 0.35448143169248597
295.5 0 0.35252138082599693
297.0 0 0.3505226720175454
298.5 0 0.3484855244480758
300.0 0 0.3464101615137754
301.5 0 0.3442968108015775
303.0 0 0.3421457040642027
304.5 0 0.33995707719474555
306.0 0 0.3377311702008061
307.5 0 0.3354682271781697
309.0 0 0.33316849628403983
310.5 0 0.33083222970982484
312.0 0 0.32845968365348166
313.5 0 0.3260511182914217
315.0 0 0.323606797749979
316.5 0 0.3211269900764458
318.0 0 0.31861196720967855
319.5 0 0.31606200495027625
321.0 0 0.31347738293033595
322.5 0 0.3108583845827884
324.0 0 0.30820529711031575
325.5 0 0.30551841145385694
327.0 0 0.30279802226070274
328.5 0 0.30004442785218377
330.0 0 0.2972579301909577
331.5 0 0.2944388348478938
333.0 0 0.2915874509685646
334.5 0 0.28870409123934493
336.0 0 0.2857890718531213
337.5 0 0.28284271247461906
339.0 0 0.27986533620534626
340.5 0 0.27685726954816275
342.0 0 0.2738188423714755
343.5 0 0.27075038787306444
345.0 0 0.2676522425435432
346.5 0 0.26452474612946075
348.0 0 0.2613682415960423
349.5 0 0.2581830750895802
351.0 0 0.25496959589947593
352.5 0 0.25172815641993496
354.0 0 0.2484591121113242
355.5 0 0.24516282146119073
357.0 0 0.24183964594495
358.5 0 0.23848994998624642
360.0 0 0.2351141009169893
361.5 0 0.2317124689370715
363.0 0 0.2282854270737727
364.5 0 0.2248333511408522
366.0 0 0.22135661969733766
367.5 0 0.21785561400601094
369.0 0 0.21433071799159867
370.5 0 0.2107823181986711
372.0 0 0.20721080374925208
373.5 0 0.20361656630014857
375.0 0 0.20000000000000015
376.5 0 0.19636150144605624
378.0 0 0.1927014696406861
379.5 0 0.18902030594762165
381.0 0 0.18531841404794466
382.5 0 0.18159619989581877
384.0 0 0.17785407167397113
385.5 0 0.17409243974893104
387.0 0 0.17031171662602917
388.5 0 0.1665123169041605
390.0 0 0.16269465723032017
391.5 0 0.15885915625391245
393.0 0 0.15500623458084112
394.5 0 0.15113631472738687
396.0 0 0.14724982107387127
397.5 0 0.1433471798181201
399.0 0 0.13942881892872613
400.5 0 0.13549516809811654
402.0 0 0.13154665869543336
403.5 0 0.12758372371922813
405.0 0 0.12360679774997901
406.5 0 0.1196163169024348
408.0 0 0.11561271877778867
409.5 0 0.11159644241569165
411.0 0 0.10756792824610631
412.5 0 0.10352761804100824
414.0 0 0.09947595486594193
415.5 0 0.09541338303143244
417.0 0 0.0913403480442623
418.5 0 0.08725729655861711
420.0 0 0.08316467632710389
421.5 0 0.07906293615165054
423.0 0 0.07495252583429
424.5 0 0.07083389612783338
426.0 0 0.06670749868644087
427.5 0 0.0625737860160924
429.0 0 0.0584332114249646
430.5 0 0.05428622897372179
432.0 0 0.050133293425721814
433.5 0 0.045974860197146666
435.0 0 0.041811385307061494
436.5 0 0.03764332532740575
438.0 0 0.033471137332926296
439.5 0 0.029295278851052854
441.0 0 0.025116207811725258
442.5 0 0.020934382497177523
444.0 0 0.016750261491679925
445.5 0 0.012564303631251295
447.0 0 0.008376967953342845
448.5 0 0.004188713646498284
