0 0.0 0
1.5 0.07525083612040134 0
3.0 0.1505016722408027 0
4.5 0.225752508361204 0
6.0 0.3010033444816054 0
7.5 0.3762541806020067 0
9.0 0.451505016722408 0
10.5 0.5267558528428093 0
12.0 0.6020066889632107 0
13.5 0.677257525083612 0
15.0 0.7525083612040134 0
16.5 0.8277591973244147 0
18.0 0.903010033444816 0
19.5 0.9782608695652174 0
21.0 1.0535117056856187 0
22.5 1.12876254180602 0
24.0 1.2040133779264215 0
25.5 1.2792642140468227 0
27.0 1.354515050167224 0
28.5 1.4297658862876255 0
30.0 1.5050167224080269 0
31.5 1.580267558528428 0
33.0 1.6555183946488294 0
34.5 1.7307692307692308 0
36.0 1.806020066889632 0
37.5 1.8812709030100334 0
39.0 1.9565217391304348 0
40.5 2.031772575250836 0
42.0 2.1070234113712374 0
43.5 2.182274247491639 0
45.0 2.25752508361204 0
46.5 2.3327759197324416 0
48.0 2.408026755852843 0
49.5 2.483277591973244 0
51.0 2.5585284280936453 0
52.5 2.6337792642140467 0
54.0 2.709030100334448 0
55.5 2.7842809364548495 0
57.0 2.859531772575251 0
58.5 2.9347826086956523 0
60.0 3.0100334448160537 0
61.5 3.0852842809364547 0
63.0 3.160535117056856 0
64.5 3.2357859531772575 0
66.0 3.311036789297659 0
67.5 3.3862876254180603 0
69.0 3.4615384615384617 0
70.5 3.536789297658863 0
72.0 3.612040133779264 0
73.5 3.6872909698996654 0
75.0 3.762541806020067 0
76.5 3.8377926421404682 0
78.0 3.9130434782608696 0
79.5 3.988294314381271 0
81.0 4.063545150501672 0
82.5 4.138795986622074 0
84.0 4.214046822742475 0
85.5 4.289297658862877 0
87.0 4.364548494983278 0
88.5 4.4397993311036785 0
90.0 4.51505016722408 0
91.5 4.590301003344481 0
93.0 4.665551839464883 0
94.5 4.740802675585284 0
96.0 4.816053511705686 0
97.5 4.891304347826087 0
99.0 4.966555183946488 0
100.5 5.04180602006689 0
102.0 5.117056856187291 0
103.5 5.1923076923076925 0
105.0 5.2675585284280935 0
106.5 5.342809364548495 0
108.0 5.418060200668896 0
109.5 5.493311036789297 0
111.0 5.568561872909699 0
112.5 5.6438127090301 0
114.0 5.719063545150502 0
115.5 5.794314381270903 0
117.0 5.869565217391305 0
118.5 5.944816053511706 0
120.0 6.0200668896321075 0
121.5 6.095317725752508 0
123.0 6.170568561872909 0
124.5 6.245819397993311 0
126.0 6.321070234113712 0
127.5 6.396321070234114 0
129.0 6.471571906354515 0
130.5 6.546822742474917 0
132.0 6.622073578595318 0
133.5 6.697324414715719 0
135.0 6.7725752508361206 0
136.5 6.8478260869565215 0
138.0 6.923076923076923 0
139.5 6.998327759197324 0
141.0 7.073578595317726 0
142.5 7.148829431438127 0
144.0 7.224080267558528 0
145.5 7.29933110367893 0
147.0 7.374581939799331 0
148.5 7.449832775919733 0
150.0 7.525083612040134 0
151.5 7.6003344481605355 0
153.0 7.6755852842809364 0
154.5 7.750836120401337 0
156.0 7.826086956521739 0
157.5 7.90133779264214 0
159.0 7.976588628762542 0
160.5 8.051839464882944 0
162.0 8.127090301003344 0
163.5 8.202341137123746 0
165.0 8.277591973244148 0
166.5 8.352842809364548 0
168.0 8.42809364548495 0
169.5 8.503344481605351 0
171.0 8.578595317725753 0
172.5 8.653846153846153 0
174.0 8.729096989966555 0
175.5 8.804347826086957 0
177.0 8.879598662207357 0
178.5 8.954849498327759 0
180.0 9.03010033444816 0
181.5 9.105351170568563 0
183.0 9.180602006688963 0
184.5 9.255852842809364 0
186.0 9.331103678929766 0
187.5 9.406354515050166 0
189.0 9.481605351170568 0
190.5 9.55685618729097 0
192.0 9.632107023411372 0
193.5 9.707357859531772 0
195.0 9.782608695652174 0
196.5 9.857859531772576 0
198.0 9.933110367892976 0
199.5 10.008361204013378 0
201.0 10.08361204013378 0
202.5 10.158862876254181 0
204.0 10.234113712374581 0
205.5 10.309364548494983 0
207.0 10.384615384615385 0
208.5 10.459866220735785 0
210.0 10.535117056856187 0
211.5 10.610367892976589 0
213.0 10.68561872909699 0
214.5 10.76086956521739 0
216.0 10.836120401337793 0
217.5 10.911371237458194 0
219.0 10.986622073578594 0
220.5 11.061872909698996 0
222.0 11.137123745819398 0
223.5 11.2123745819398 0
225.0 11.2876254180602 0
226.5 11.362876254180602 0
228.0 11.438127090301004 0
229.5 11.513377926421406 0
231.0 11.588628762541806 0
232.5 11.663879598662207 0
234.0 11.73913043478261 0
235.5 11.81438127090301 0
237.0 11.889632107023411 0
238.5 11.964882943143813 0
240.0 12.040133779264215 0
241.5 12.115384615384615 0
243.0 12.190635451505017 0
244.5 12.265886287625419 0
246.0 12.341137123745819 0
247.5 12.41638795986622 0
249.0 12.491638795986622 0
250.5 12.566889632107024 0
252.0 12.642140468227424 0
253.5 12.717391304347826 0
255.0 12.792642140468228 0
256.5 12.867892976588628 0
258.0 12.94314381270903 0
259.5 13.018394648829432 0
261.0 13.093645484949834 0
262.5 13.168896321070234 0
264.0 13.244147157190636 0
265.5 13.319397993311037 0
267.0 13.394648829431437 0
268.5 13.46989966555184 0
270.0 13.545150501672241 0
271.5 13.620401337792643 0
273.0 13.695652173913043 0
274.5 13.770903010033445 0
276.0 13.846153846153847 0
277.5 13.921404682274247 0
279.0 13.996655518394649 0
280.5 14.07190635451505 0
282.0 14.147157190635452 0
283.5 14.222408026755852 0
285.0 14.297658862876254 0
286.5 14.372909698996656 0
288.0 14.448160535117056 0
289.5 14.523411371237458 0
291.0 14.59866220735786 0
292.5 14.673913043478262 0
294.0 14.749163879598662 0
295.5 14.824414715719064 0
297.0 14.899665551839465 0
298.5 14.974916387959865 0
300.0 15.050167224080267 0
301.5 15.12541806020067 0
303.0 15.200668896321071 0
304.5 15.275919732441471 0
306.0 15.351170568561873 0
307.5 15.426421404682275 0
309.0 15.501672240802675 0
310.5 15.576923076923077 0
312.0 15.652173913043478 0
313.5 15.72742474916388 0
315.0 15.80267558528428 0
316.5 15.877926421404682 0
318.0 15.953177257525084 0
319.5 16.028428093645484 0
321.0 16.103678929765888 0
322.5 16.178929765886288 0
324.0 16.254180602006688 0
325.5 16.32943143812709 0
327.0 16.40468227424749 0
328.5 16.47993311036789 0
330.0 16.555183946488295 0
331.5 16.630434782608695 0
333.0 16.705685618729095 0
334.5 16.7809364548495 0
336.0 16.8561872909699 0
337.5 16.931438127090303 0
339.0 17.006688963210703 0
340.5 17.081939799331103 0
342.0 17.157190635451506 0
343.5 17.232441471571907 0
345.0 17.307692307692307 0
346.5 17.38294314381271 0
348.0 17.45819397993311 0
349.5 17.53344481605351 0
351.0 17.608695652173914 0
352.5 17.683946488294314 0
354.0 17.759197324414714 0
355.5 17.834448160535118 0
357.0 17.909698996655518 0
358.5 17.98494983277592 0
360.0 18.06020066889632 0
361.5 18.13545150501672 0
363.0 18.210702341137125 0
364.5 18.285953177257525 0
366.0 18.361204013377925 0
367.5 18.43645484949833 0
369.0 18.51170568561873 0
370.5 18.58695652173913 0
372.0 18.662207357859533 0
373.5 18.737458193979933 0
375.0 18.812709030100333 0
376.5 18.887959866220736 0
378.0 18.963210702341136 0
379.5 19.03846153846154 0
381.0 19.11371237458194 0
382.5 19.18896321070234 0
384.0 19.264214046822744 0
385.5 19.339464882943144 0
387.0 19.414715719063544 0
388.5 19.489966555183948 0
390.0 19.565217391304348 0
391.5 19.640468227424748 0
393.0 19.71571906354515 0
394.5 19.79096989966555 0
396.0 19.86622073578595 0
397.5 19.941471571906355 0
399.0 20.016722408026755 0
400.5 20.09197324414716 0
402.0 20.16722408026756 0
403.5 20.24247491638796 0
405.0 20.317725752508363 0
406.5 20.392976588628763 0
408.0 20.468227424749163 0
409.5 20.543478260869566 0
411.0 20.618729096989966 0
412.5 20.693979933110366 0
414.0 20.76923076923077 0
415.5 20.84448160535117 0
417.0 20.91973244147157 0
418.5 20.994983277591974 0
420.0 21.070234113712374 0
421.5 21.145484949832777 0
423.0 21.220735785953178 0
424.5 21.295986622073578 0
426.0 21.37123745819398 0
427.5 21.44648829431438 0
429.0 21.52173913043478 0
430.5 21.596989966555185 0
432.0 21.672240802675585 0
433.5 21.747491638795985 0
435.0 21.82274247491639 0
436.5 21.89799331103679 0
438.0 21.97324414715719 0
439.5 22.048494983277592 0
441.0 22.123745819397993 0
442.5 22.198996655518396 0
444.0 22.274247491638796 0
445.5 22.349498327759196 0
447.0 22.4247491638796 0
448.5 22.5 0
