0 0 0.0
1.5 0 0.0006000000000000001
3.0 0 0.0012000000000000001
4.5 0 0.0018000000000000004
6.0 0 0.0024000000000000002
7.5 0 0.003
9.0 0 0.0036000000000000008
10.5 0 0.004200000000000001
12.0 0 0.0048000000000000004
13.5 0 0.0054
15.0 0 0.006
16.5 0 0.006600000000000001
18.0 0 0.0072000000000000015
19.5 0 0.0078000000000000005
21.0 0 0.008400000000000001
22.5 0 0.009
24.0 0 0.009600000000000001
25.5 0 0.0102
27.0 0 0.0108
28.5 0 0.0114
30.0 0 0.012
31.5 0 0.0126
33.0 0 0.013200000000000002
34.5 0 0.013800000000000002
36.0 0 0.014400000000000003
37.5 0 0.015
39.0 0 0.015600000000000001
40.5 0 0.016200000000000003
42.0 0 0.016800000000000002
43.5 0 0.017400000000000002
45.0 0 0.018
46.5 0 0.018600000000000002
48.0 0 0.019200000000000002
49.5 0 0.0198
51.0 0 0.0204
52.5 0 0.021
54.0 0 0.0216
55.5 0 0.0222
57.0 0 0.0228
58.5 0 0.023400000000000004
60.0 0 0.024
61.5 0 0.0246
63.0 0 0.0252
64.5 0 0.025800000000000003
66.0 0 0.026400000000000003
67.5 0 0.027000000000000003
69.0 0 0.027600000000000003
70.5 0 0.028200000000000003
72.0 0 0.028800000000000006
73.5 0 0.0294
75.0 0 0.03
76.5 0 0.030600000000000002
78.0 0 0.031200000000000002
79.5 0 0.0318
81.0 0 0.032400000000000005
82.5 0 0.033
84.0 0 0.033600000000000005
85.5 0 0.0342
87.0 0 0.034800000000000005
88.5 0 0.0354
90.0 0 0.036
91.5 0 0.0366
93.0 0 0.037200000000000004
94.5 0 0.0378
96.0 0 0.038400000000000004
97.5 0 0.03900000000000001
99.0 0 0.0396
100.5 0 0.04020000000000001
102.0 0 0.0408
103.5 0 0.041400000000000006
105.0 0 0.042
106.5 0 0.0426
108.0 0 0.0432
109.5 0 0.043800000000000006
111.0 0 0.0444
112.5 0 0.045000000000000005
114.0 0 0.0456
115.5 0 0.046200000000000005
117.0 0 0.04680000000000001
118.5 0 0.047400000000000005
120.0 0 0.048
121.5 0 0.048600000000000004
123.0 0 0.0492
124.5 0 0.049800000000000004
126.0 0 0.0504
127.5 0 0.051000000000000004
129.0 0 0.05160000000000001
130.5 0 0.0522
132.0 0 0.05280000000000001
133.5 0 0.0534
135.0 0 0.054000000000000006
136.5 0 0.05460000000000001
138.0 0 0.055200000000000006
139.5 0 0.05580000000000001
141.0 0 0.056400000000000006
142.5 0 0.05700000000000001
144.0 0 0.05760000000000001
145.5 0 0.0582
147.0 0 0.0588
148.5 0 0.0594
150.0 0 0.06
151.5 0 0.0606
153.0 0 0.061200000000000004
154.5 0 0.0618
156.0 0 0.062400000000000004
157.5 0 0.063
159.0 0 0.0636
160.5 0 0.06420000000000001
162.0 0 0.06480000000000001
163.5 0 0.0654
165.0 0 0.066
166.5 0 0.0666
168.0 0 0.06720000000000001
169.5 0 0.06780000000000001
171.0 0 0.0684
172.5 0 0.069
174.0 0 0.06960000000000001
175.5 0 0.07020000000000001
177.0 0 0.0708
178.5 0 0.0714
180.0 0 0.072
181.5 0 0.0726
183.0 0 0.0732
184.5 0 0.0738
186.0 0 0.07440000000000001
187.5 0 0.07500000000000001
189.0 0 0.0756
190.5 0 0.0762
192.0 0 0.07680000000000001
193.5 0 0.07740000000000001
195.0 0 0.07800000000000001
196.5 0 0.0786
198.0 0 0.0792
199.5 0 0.07980000000000001
201.0 0 0.08040000000000001
202.5 0 0.08100000000000002
204.0 0 0.0816
205.5 0 0.08220000000000001
207.0 0 0.08280000000000001
208.5 0 0.0834
210.0 0 0.084
211.5 0 0.08460000000000001
213.0 0 0.0852
214.5 0 0.0858
216.0 0 0.0864
217.5 0 0.08700000000000001
219.0 0 0.08760000000000001
220.5 0 0.0882
222.0 0 0.0888
223.5 0 0.08940000000000001
225.0 0 0.09000000000000001
226.5 0 0.09060000000000001
228.0 0 0.0912
229.5 0 0.0918
231.0 0 0.09240000000000001
232.5 0 0.09300000000000001
234.0 0 0.09360000000000002
235.5 0 0.0942
237.0 0 0.09480000000000001
238.5 0 0.09540000000000001
240.0 0 0.096
241.5 0 0.0966
243.0 0 0.09720000000000001
244.5 0 0.0978
246.0 0 0.0984
247.5 0 0.099
249.0 0 0.09960000000000001
250.5 0 0.10020000000000001
252.0 0 0.1008
253.5 0 0.1014
255.0 0 0.10200000000000001
256.5 0 0.10260000000000001
258.0 0 0.10320000000000001
259.5 0 0.1038
261.0 0 0.1044
262.5 0 0.10500000000000001
264.0 0 0.10560000000000001
265.5 0 0.10620000000000002
267.0 0 0.1068
268.5 0 0.10740000000000001
270.0 0 0.10800000000000001
271.5 0 0.10860000000000002
273.0 0 0.10920000000000002
274.5 0 0.10980000000000001
276.0 0 0.11040000000000001
277.5 0 0.11100000000000002
279.0 0 0.11160000000000002
280.5 0 0.11220000000000002
282.0 0 0.11280000000000001
283.5 0 0.11340000000000001
285.0 0 0.11400000000000002
286.5 0 0.11460000000000002
288.0 0 0.11520000000000002
289.5 0 0.1158
291.0 0 0.1164
292.5 0 0.11699999999999999
294.0 0 0.1176
295.5 0 0.1182
297.0 0 0.1188
298.5 0 0.1194
300.0 0 0.12
301.5 0 0.1206
303.0 0 0.1212
304.5 0 0.1218
306.0 0 0.12240000000000001
307.5 0 0.123
309.0 0 0.1236
310.5 0 0.1242
312.0 0 0.12480000000000001
313.5 0 0.1254
315.0 0 0.126
316.5 0 0.12660000000000002
318.0 0 0.1272
319.5 0 0.1278
321.0 0 0.12840000000000001
322.5 0 0.129
324.0 0 0.12960000000000002
325.5 0 0.1302
327.0 0 0.1308
328.5 0 0.13140000000000002
330.0 0 0.132
331.5 0 0.13260000000000002
333.0 0 0.1332
334.5 0 0.1338
336.0 0 0.13440000000000002
337.5 0 0.135
339.0 0 0.13560000000000003
340.5 0 0.13620000000000002
342.0 0 0.1368
343.5 0 0.13740000000000002
345.0 0 0.138
346.5 0 0.13860000000000003
348.0 0 0.13920000000000002
349.5 0 0.1398
351.0 0 0.14040000000000002
352.5 0 0.141
354.0 0 0.1416
355.5 0 0.1422
357.0 0 0.1428
358.5 0 0.1434
360.0 0 0.144
361.5 0 0.1446
363.0 0 0.1452
364.5 0 0.1458
366.0 0 0.1464
367.5 0 0.147
369.0 0 0.1476
370.5 0 0.1482
372.0 0 0.14880000000000002
373.5 0 0.1494
375.0 0 0.15000000000000002
376.5 0 0.1506
378.0 0 0.1512
379.5 0 0.15180000000000002
381.0 0 0.1524
382.5 0 0.15300000000000002
384.0 0 0.15360000000000001
385.5 0 0.1542
387.0 0 0.15480000000000002
388.5 0 0.1554
390.0 0 0.15600000000000003
391.5 0 0.15660000000000002
393.0 0 0.1572
394.5 0 0.15780000000000002
396.0 0 0.1584
397.5 0 0.15900000000000003
399.0 0 0.15960000000000002
400.5 0 0.1602
402.0 0 0.16080000000000003
403.5 0 0.16140000000000002
405.0 0 0.16200000000000003
406.5 0 0.16260000000000002
408.0 0 0.1632
409.5 0 0.16380000000000003
411.0 0 0.16440000000000002
412.5 0 0.16500000000000004
414.0 0 0.16560000000000002
415.5 0 0.16620000000000001
417.0 0 0.1668
418.5 0 0.1674
420.0 0 0.168
421.5 0 0.1686
423.0 0 0.16920000000000002
424.5 0 0.1698
426.0 0 0.1704
427.5 0 0.171
429.0 0 0.1716
430.5 0 0.17220000000000002
432.0 0 0.1728
433.5 0 0.1734
435.0 0 0.17400000000000002
436.5 0 0.1746
438.0 0 0.17520000000000002
439.5 0 0.1758
441.0 0 0.1764
442.5 0 0.17700000000000002
444.0 0 0.1776
445.5 0 0.17820000000000003
447.0 0 0.17880000000000001
448.5 0 0.1794
